# 经理信息（M姓名 学号）
M刘哲敏 555555 2023 2 27 2023 5 28 6 2023 4 5 0 0 2023 4 29 0 0 2023 4 30 0 0 2023 5 1 1 0 2023 5 2 0 0 2023 5 3 0 0 2 2023 4 23 2 2023 5 6 1

# 片区信息（A片区名 楼栋名）
A东四 D28 D29 D30 D31 D32 D33 D34 D35

# 楼栋信息（B楼栋名 周六 周日 ｜｜ 楼栋名 周一上午 周一下午 周二上午 ）
BD28 邓凯 张太昊
BD29 常媛 李泽坤
BD30 宁齐红 李俊瑶
BD31 尹兴强 徐鹏
BD32 李昊卿 王晓峰
BD33 郑煜 罗新浩
BD34 赵之凯 董吉浩 唐希源 彭张涛 张鉴轺 谭睿 郑元帆 罗祥和 傅双杰 罗祥和 郑元帆 饶一方 李豫章 傅双杰
BD35 李艳 蔡甜甜 陈畅言 孟易真 袁欣雨 卢斯琪 李艳 李雨时 孙稀玙 杜京京 郭思仪 卢斯琪 张福清 王怡心

# 值班员信息(O姓名 学号 电话 楼栋 寝室 工作次数 工作日期 ）
O邓凯 522010910010 15073930693 D25 301 12 2023 3 4 0 0 0 0 1 2023 3 11 0 0 0 0 1 2023 3 18 0 0 0 0 1 2023 3 25 0 0 0 0 1 2023 4 1 0 0 0 0 1 2023 4 15 0 0 0 0 1 2023 4 22 0 0 0 0 1 2023 4 29 0 0 0 0 1 2023 5 13 0 0 0 0 1 2023 5 20 0 0 0 0 1 2023 5 21 D28替班 0 0 0 1 2023 5 27 0 0 0 0 1
O张太昊 521431910026 16638495871 X30 301 11 2023 3 5 0 0 0 0 1 2023 3 12 0 0 0 0 1 2023 3 19 0 0 0 0 1 2023 3 26 0 0 0 0 1 2023 4 2 0 0 0 0 1 2023 4 5 0 1 0 0 2 2023 4 9 0 0 0 0 1 2023 4 16 0 0 0 0 1 2023 5 7 0 0 0 0 1 2023 5 14 0 0 0 0 1 2023 5 28 0 0 0 0 1
O常媛 521021910726 15542887888 D16 219 10 2023 3 25 0 0 0 0 1 2023 4 1 0 0 0 0 1 2023 4 5 0 1 0 0 2 2023 4 8 0 0 0 0 1 2023 4 15 0 0 0 0 1 2023 4 22 0 0 0 0 1 2023 4 29 0 0 0 0 1 2023 5 2 0 0 0 0 1 2023 5 13 0 0 0 0 1 2023 5 20 0 0 0 0 1
O李泽坤 322783910005 18501766186 D4 403 4 2023 5 7 0 0 0 0 1 2023 5 14 0 0 0 0 1 2023 5 21 0 0 0 0 1 2023 5 28 0 0 0 0 1
O宁齐红 121035910044 13162868806 D30 102 15 2023 3 11 0 0 0 0 1 2023 3 18 0 0 0 0 1 2023 3 25 0 0 0 0 1 2023 4 1 0 0 0 0 1 2023 4 8 0 0 0 0 1 2023 4 15 0 0 0 0 1 2023 4 22 0 0 0 0 1 2023 4 29 0 0 0 0 1 2023 4 30 0 0 0 0 1 2023 5 1 0 1 0 0 2 2023 5 3 0 0 0 0 1 2023 5 13 0 0 0 0 1 2023 5 14 D30替班 0 0 0 1 2023 5 20 0 0 0 0 1 2023 5 27 0 0 0 0 1
O李俊瑶 121413910052 17809205450 D30 501 13 2023 3 4 D30替班 0 0 0 1 2023 3 5 0 0 0 0 1 2023 3 12 0 0 0 0 1 2023 3 19 0 0 0 0 1 2023 4 2 0 0 0 0 1 2023 4 5 0 1 0 0 2 2023 4 9 0 0 0 0 1 2023 4 16 0 0 0 0 1 2023 5 2 0 0 0 0 1 2023 5 3 0 0 0 0 1 2023 5 7 0 0 0 0 1 2023 5 21 0 0 0 0 1 2023 5 28 0 0 0 0 1
O尹兴强 522010910035 15115990551 D25 414 14 2023 3 4 0 0 0 0 1 2023 3 11 0 0 0 0 1 2023 3 18 0 0 0 0 1 2023 3 25 0 0 0 0 1 2023 4 1 0 0 0 0 1 2023 4 8 0 0 0 0 1 2023 4 15 0 0 0 0 1 2023 4 22 0 0 0 0 1 2023 4 29 0 0 0 0 1 2023 5 1 0 1 0 0 2 2023 5 2 0 0 0 0 1 2023 5 13 0 0 0 0 1 2023 5 20 0 0 0 0 1 2023 5 27 0 0 0 0 1
O徐鹏 121020910131 18342243933 D31 215 12 2023 3 5 0 0 0 0 1 2023 3 12 0 0 0 0 1 2023 3 19 0 0 0 0 1 2023 3 26 0 0 0 0 1 2023 4 2 0 0 0 0 1 2023 4 5 0 1 0 0 2 2023 4 9 0 0 0 0 1 2023 4 16 0 0 0 0 1 2023 4 30 0 0 0 0 1 2023 5 14 0 0 0 0 1 2023 5 21 0 0 0 0 1 2023 5 28 0 0 0 0 1
O李昊卿 521020910009 18034391520 D18 314 9 2023 3 4 0 0 0 0 1 2023 3 11 0 0 0 0 1 2023 3 18 0 0 0 0 1 2023 4 1 0 0 0 0 1 2023 4 8 0 0 0 0 1 2023 4 15 0 0 0 0 1 2023 5 13 0 0 0 0 1 2023 5 20 0 0 0 0 1 2023 5 27 0 0 0 0 1
O王晓峰 521030910284 17547775009 D15 120 4 2023 5 7 0 0 0 0 1 2023 5 14 0 0 0 0 1 2023 5 21 0 0 0 0 1 2023 5 28 0 0 0 0 1
O郑煜 518111910211 15987459464 X31 210 14 2023 3 4 0 0 0 0 1 2023 3 11 0 0 0 0 1 2023 3 18 0 0 0 0 1 2023 3 25 0 0 0 0 1 2023 4 1 0 0 0 0 1 2023 4 5 0 1 0 0 2 2023 4 8 0 0 0 0 1 2023 4 15 0 0 0 0 1 2023 4 22 0 0 0 0 1 2023 4 29 0 0 0 0 1 2023 5 2 0 0 0 0 1 2023 5 13 0 0 0 0 1 2023 5 20 0 0 0 0 1 2023 5 27 0 0 0 0 1
O罗新浩 521030910034 18139392251 D15 226 17 2023 3 5 0 0 0 0 1 2023 3 12 0 0 0 0 1 2023 3 19 0 0 0 0 1 2023 3 26 0 0 0 0 1 2023 4 2 0 0 0 0 1 2023 4 9 0 0 0 0 1 2023 4 16 0 0 0 0 1 2023 4 22 D32替班 0 0 0 1 2023 4 29 0 0 0 0 1 2023 4 30 0 0 0 0 1 2023 5 1 0 1 0 0 2 2023 5 2 0 0 0 0 1 2023 5 3 0 0 0 0 1 2023 5 7 0 0 0 0 1 2023 5 14 0 0 0 0 1 2023 5 21 0 0 0 0 1 2023 5 28 0 0 0 0 1
O赵之凯 122413910051 18292322292 D34 1119 15 2023 3 5 0 0 0 0 1 2023 3 12 0 0 0 0 1 2023 3 19 0 0 0 0 1 2023 3 26 0 0 0 0 1 2023 4 2 0 0 0 0 1 2023 4 5 0 1 0 0 2 2023 4 9 0 0 0 0 1 2023 4 16 0 0 0 0 1 2023 4 29 0 0 0 0 1 2023 4 30 0 0 0 0 1 2023 5 3 D34:迟到十五分钟 0 0 0 1.3 2023 5 7 0 0 0 0 1 2023 5 14 0 0 0 0 1 2023 5 21 0 0 0 0 1 2023 5 28 0 0 0 0 1
O董吉浩 122034910143 15201935008 D34 603 12 2023 3 5 0 0 0 1 1 2023 3 12 0 0 0 1 1 2023 3 19 0 0 0 1 1 2023 3 26 0 0 0 1 1 2023 4 2 0 0 0 1 1 2023 4 5 0 1 0 0 2 2023 4 9 0 0 0 1 1 2023 4 15 D34替班 0 0 1 1 2023 5 7 0 0 0 1 1 2023 5 14 0 0 0 1 1 2023 5 21 0 0 0 1 1 2023 5 27 D34替班 0 0 0 1
O唐希源 122150910067 19819289578 D34 1101 13 2023 2 27 0 0 0 0 1 2023 3 6 0 0 0 0 1 2023 3 13 0 0 0 0 1 2023 3 20 0 0 0 0 1 2023 3 27 0 0 0 0 1 2023 4 3 0 0 0 0 1 2023 4 10 0 0 0 0 1 2023 4 17 0 0 0 0 1 2023 4 24 0 0 0 0 1 2023 5 6 0 0 0 0 1 2023 5 8 0 0 0 0 1 2023 5 15 0 0 0 0 1 2023 5 22 0 0 0 0 1
O彭张涛 122413910038 15024503064 D34 1115 9 2023 3 27 0 0 0 1 1 2023 4 3 0 0 0 1 1 2023 4 10 0 0 0 1 1 2023 4 17 0 0 0 1 1 2023 4 24 0 0 0 1 1 2023 5 6 0 0 0 1 1 2023 5 8 0 0 0 1 1 2023 5 15 0 0 0 1 1 2023 5 22 0 0 0 1 1
O张鉴轺 122034910201 18501786953 D34 417 13 2023 2 28 0 0 0 0 1 2023 3 7 0 0 0 0 1 2023 3 14 0 0 0 0 1 2023 3 21 0 0 0 0 1 2023 3 28 0 0 0 0 1 2023 4 4 0 0 0 0 1 2023 4 11 0 0 0 0 1 2023 4 18 0 0 0 0 1 2023 4 23 0 0 0 0 1 2023 4 25 0 0 0 0 1 2023 5 9 0 0 0 0 1 2023 5 16 0 0 0 0 1 2023 5 23 0 0 0 0 1
O谭睿 122020910117 18260033093 X48 201 16 2023 2 28 0 0 0 1 1 2023 3 7 0 0 0 1 1 2023 3 14 0 0 0 1 1 2023 3 21 0 0 0 1 1 2023 3 28 0 0 0 1 1 2023 4 4 0 0 0 1 1 2023 4 11 0 0 0 1 1 2023 4 16 D32替班 0 0 0 1 2023 4 18 0 0 0 1 1 2023 4 23 0 0 0 1 1 2023 4 25 0 0 0 1 1 2023 5 1 0 1 0 0 2 2023 5 9 0 0 0 1 1 2023 5 16 0 0 0 1 1 2023 5 20 D34替班 0 0 1 1.5 2023 5 23 0 0 0 1 1
O郑元帆 122034910069 19946015339 D34 419 24 2023 3 1 0 0 0 0 1 2023 3 3 0 0 0 0 1 2023 3 8 0 0 0 0 1 2023 3 10 0 0 0 0 1 2023 3 15 0 0 0 0 1 2023 3 17 0 0 0 0 1 2023 3 22 0 0 0 0 1 2023 3 24 0 0 0 0 1 2023 3 29 0 0 0 0 1 2023 3 31 0 0 0 0 1 2023 4 7 0 0 0 0 1 2023 4 12 0 0 0 0 1 2023 4 14 0 0 0 0 1 2023 4 19 0 0 0 0 1 2023 4 21 0 0 0 0 1 2023 4 26 0 0 0 0 1 2023 4 28 0 0 0 0 1 2023 5 5 0 0 0 0 1 2023 5 10 0 0 0 0 1 2023 5 12 0 0 0 0 1 2023 5 17 0 0 0 0 1 2023 5 19 0 0 0 0 1 2023 5 24 0 0 0 0 1 2023 5 26 0 0 0 0 1
O罗祥和 122031910044 18217187297 D34 221 24 2023 3 1 0 0 0 1 1 2023 3 2 0 0 0 1 1 2023 3 8 0 0 0 1 1 2023 3 9 0 0 0 1 1 2023 3 15 0 0 0 1 1 2023 3 16 0 0 0 1 1 2023 3 22 0 0 0 1 1 2023 3 23 0 0 0 1 1 2023 3 29 0 0 0 1 1 2023 3 30 0 0 0 1 1 2023 4 6 0 0 0 1 1 2023 4 12 0 0 0 1 1 2023 4 13 0 0 0 1 1 2023 4 19 0 0 0 1 1 2023 4 20 0 0 0 1 1 2023 4 26 0 0 0 1 1 2023 4 27 0 0 0 1 1 2023 5 4 0 0 0 1 1 2023 5 10 0 0 0 1 1 2023 5 11 0 0 0 1 1 2023 5 17 0 0 0 1 1 2023 5 18 0 0 0 1 1 2023 5 24 0 0 0 1 1 2023 5 25 0 0 0 1 1
O傅双杰 122413910038 15024503064 D34 1115 20 2023 3 2 0 0 0 0 1 2023 3 9 0 0 0 0 1 2023 3 11 0 0 0 1 1 2023 3 16 0 0 0 0 1 2023 3 23 0 0 0 0 1 2023 3 25 0 0 0 1 1 2023 3 30 0 0 0 0 1 2023 4 1 0 0 0 1 1 2023 4 6 0 0 0 0 1 2023 4 8 0 0 0 1 1 2023 4 13 0 0 0 0 1 2023 4 16 D34替班 0 0 1 1 2023 4 20 0 0 0 0 1 2023 4 27 0 0 0 0 1 2023 5 4 0 0 0 0 1 2023 5 11 0 0 0 0 1 2023 5 13 0 0 0 1 1 2023 5 18 0 0 0 0 1 2023 5 25 0 0 0 0 1 2023 5 27 0 0 0 1 1
O饶一方 522031910172 15570184112 D26 323 12 2023 3 31 0 0 0 1 1 2023 4 7 0 0 0 1 1 2023 4 8 D28替班 0 0 0 1 2023 4 14 0 0 0 1 1 2023 4 28 0 0 0 1 1 2023 4 30 0 0 0 0 1 2023 5 1 0 1 0 0 2 2023 5 2 0 0 0 0 1 2023 5 5 0 0 0 1 1 2023 5 12 0 0 0 1 1 2023 5 19 D34:缺岗 0 0 1 0 2023 5 26 0 0 0 1 1
O李豫章 522010910051 18181396266 D25 405 12 2023 3 4 D34替班 0 0 1 1 2023 3 11 0 0 0 0 1 2023 3 18 0 0 0 0 1 2023 3 25 0 0 0 0 1 2023 4 1 0 0 0 0 1 2023 4 8 0 0 0 0 1 2023 4 15 0 0 0 0 1 2023 4 22 D34:单人值班 0 0 0 1.5 2023 4 29 0 0 0 0 1 2023 5 13 0 0 0 0 1 2023 5 20 D34:缺岗 0 0 0 0 2023 5 28 D34替班 0 0 1 1
O李艳 122150910090 18213357636 D35 607 24 2023 3 1 0 0 0 0 1 2023 3 5 0 0 0 0 1 2023 3 8 0 0 0 0 1 2023 3 12 0 0 0 0 1 2023 3 15 0 0 0 0 1 2023 3 19 0 0 0 0 1 2023 3 22 0 0 0 0 1 2023 3 26 0 0 0 0 1 2023 3 29 0 0 0 0 1 2023 4 2 0 0 0 0 1 2023 4 5 0 1 0 0 2 2023 4 9 0 0 0 0 1 2023 4 12 0 0 0 0 1 2023 4 16 0 0 0 0 1 2023 5 1 0 1 0 0 2 2023 5 2 0 0 0 0 1 2023 5 3 0 0 0 0 1 2023 5 7 0 0 0 0 1 2023 5 10 0 0 0 0 1 2023 5 14 0 0 0 0 1 2023 5 17 0 0 0 0 1 2023 5 21 0 0 0 0 1 2023 5 24 0 0 0 0 1 2023 5 28 0 0 0 0 1
O蔡甜甜 122031910027 17793313873 D35 219 9 2023 3 12 0 0 0 1 1 2023 3 19 0 0 0 1 1 2023 3 26 0 0 0 1 1 2023 4 2 0 0 0 1 1 2023 4 5 0 1 0 0 2 2023 4 9 0 0 0 1 1 2023 5 14 0 0 0 1 1 2023 5 21 0 0 0 1 1 2023 5 28 0 0 0 1 1
O陈畅言 122039910040 13100016789 D35 104 13 2023 2 27 0 0 0 0 1 2023 3 6 0 0 0 0 1 2023 3 13 0 0 0 0 1 2023 3 20 0 0 0 0 1 2023 3 27 0 0 0 0 1 2023 4 3 0 0 0 0 1 2023 4 10 0 0 0 0 1 2023 4 17 0 0 0 0 1 2023 4 24 0 0 0 0 1 2023 5 6 0 0 0 0 1 2023 5 8 0 0 0 0 1 2023 5 15 0 0 0 0 1 2023 5 22 0 0 0 0 1
O孟易真 122020910279 18099015863 D35 320 13 2023 2 27 0 0 0 1 1 2023 3 6 0 0 0 1 1 2023 3 13 0 0 0 1 1 2023 3 20 0 0 0 1 1 2023 3 27 0 0 0 1 1 2023 4 3 0 0 0 1 1 2023 4 10 0 0 0 1 1 2023 4 17 0 0 0 1 1 2023 4 24 0 0 0 1 1 2023 5 6 0 0 0 1 1 2023 5 8 0 0 0 1 1 2023 5 15 0 0 0 1 1 2023 5 22 0 0 0 1 1
O袁欣雨 519021911023 15586366003 D11 409 12 2023 4 4 D35:迟到 0 0 0 0.5 2023 4 11 0 0 0 0 1 2023 4 18 0 0 0 0 1 2023 4 19 D35替班 0 0 0 1 2023 4 22 D35替班 0 0 1 1 2023 4 23 0 0 0 0 1 2023 4 25 0 0 0 0 1 2023 4 26 D35替班 0 0 0 1 2023 5 9 D35:缺岗 0 0 0 0 2023 5 16 0 0 0 0 1 2023 5 17 D35替班 0 0 1 1 2023 5 23 D35:缺岗 0 0 0 0
O卢斯琪 122020910113 13879204968 D35 326 24 2023 2 28 0 0 0 1 1 2023 3 3 0 0 0 1 1 2023 3 7 0 0 0 1 1 2023 3 10 0 0 0 1 1 2023 3 14 0 0 0 1 1 2023 3 17 0 0 0 1 1 2023 3 21 0 0 0 1 1 2023 3 24 0 0 0 1 1 2023 3 28 0 0 0 1 1 2023 4 4 0 0 0 1 1 2023 4 7 0 0 0 1 1 2023 4 11 0 0 0 1 1 2023 4 14 0 0 0 1 1 2023 4 21 0 0 0 1 1 2023 4 23 0 0 0 1 1 2023 4 25 0 0 0 1 1 2023 4 28 0 0 0 1 1 2023 5 5 0 0 0 1 1 2023 5 9 0 0 0 1 1 2023 5 12 0 0 0 1 1 2023 5 16 0 0 0 1 1 2023 5 19 0 0 0 1 1 2023 5 23 0 0 0 1 1 2023 5 26 0 0 0 1 1
O李雨时 122150910008 18232519365 D35 623 9 2023 3 1 0 0 0 1 1 2023 3 8 0 0 0 1 1 2023 3 15 0 0 0 1 1 2023 3 22 0 0 0 1 1 2023 3 29 0 0 0 1 1 2023 4 12 0 0 0 1 1 2023 4 19 0 0 0 1 1 2023 4 26 0 0 0 1 1 2023 5 12 d35替班 0 0 0 1
O孙稀玙 122020910328 18961282198 D35 314 13 2023 3 2 0 0 0 0 1 2023 3 9 0 0 0 0 1 2023 3 16 0 0 0 0 1 2023 3 23 0 0 0 0 1 2023 3 30 0 0 0 0 1 2023 4 6 0 0 0 0 1 2023 4 13 0 0 0 0 1 2023 4 20 0 0 0 0 1 2023 4 27 0 0 0 0 1 2023 5 4 0 0 0 0 1 2023 5 11 0 0 0 0 1 2023 5 18 0 0 0 0 1 2023 5 25 0 0 0 0 1
O杜京京 122090910016 15753105208 D35 1208 13 2023 3 2 0 0 0 1 1 2023 3 9 0 0 0 1 1 2023 3 16 0 0 0 1 1 2023 3 23 0 0 0 1 1 2023 3 30 0 0 0 1 1 2023 4 6 0 0 0 1 1 2023 4 13 0 0 0 1 1 2023 4 20 0 0 0 1 1 2023 4 27 0 0 0 1 1 2023 5 4 0 0 0 1 1 2023 5 11 0 0 0 1 1 2023 5 18 0 0 0 1 1 2023 5 25 0 0 0 1 1
O郭思仪 122020910103 18046046242 D35 317 13 2023 3 3 0 0 0 0 1 2023 3 10 0 0 0 0 1 2023 3 17 0 0 0 0 1 2023 3 24 0 0 0 0 1 2023 3 31 0 0 0 0 1 2023 4 7 0 0 0 0 1 2023 4 14 0 0 0 0 1 2023 4 21 0 0 0 0 1 2023 4 28 0 0 0 0 1 2023 5 5 0 0 0 0 1 2023 5 10 D35替班 0 0 1 1 2023 5 19 0 0 0 0 1 2023 5 26 0 0 0 0 1
O张福清 122020910292 13599343902 D35 318 10 2023 3 4 0 0 0 0 1 2023 3 11 0 0 0 0 1 2023 3 25 0 0 0 0 1 2023 4 1 0 0 0 0 1 2023 4 8 0 0 0 0 1 2023 4 15 0 0 0 0 1 2023 4 22 0 0 0 0 1 2023 5 13 0 0 0 0 1 2023 5 20 0 0 0 0 1 2023 5 27 0 0 0 0 1
O王怡心 122110910044 18519592188 D35 1012 10 2023 3 4 0 0 0 1 1 2023 3 11 0 0 0 1 1 2023 3 18 0 0 0 1 1 2023 3 25 0 0 0 1 1 2023 4 1 0 0 0 1 1 2023 4 8 0 0 0 1 1 2023 4 15 0 0 0 1 1 2023 5 13 0 0 0 1 1 2023 5 20 0 0 0 1 1 2023 5 27 0 0 0 1 1

# 替班员信息(P姓名 学号 电话 楼栋 寝室 工作次数 工作日期 ）
P苏培培 522712910007 17041419072 D21 302 1 2023 5 7 D35替班 0 0 1 1
P陆聪聪 122020910322 19981498582 X48 6022 0
P张晓娟 522716910024 18389222355 D3 604 1 2023 4 16 D35替班 0 0 1 1
P徐芯蕾 522712910009 17647640702 D21 303 2 2023 3 18 D29替班 0 0 0 1 2023 3 31 D35替班 0 0 1 1
P杨景琪 522721910040 13114883000 D20 212 0
P康玥 522021910280 15039126736 D24 212 0
P王宇 122150910067 19819289578 D34 1101 0
P段秉志 122032910085 13848249070 D34 724 4 2023 2 27 0 0 0 1 1 2023 3 6 0 0 0 1 1 2023 3 13 0 0 0 1 1 2023 3 20 0 0 0 1 1
P陈婉祺 122082910023 17827063259 D35 1003 5 2023 2 28 0 0 0 0 1 2023 3 7 0 0 0 0 1 2023 3 14 0 0 0 0 1 2023 3 21 0 0 0 0 1 2023 3 28 0 0 0 0 1
P刘轩溢 122150910012 15753721548 D34 1024 4 2023 3 3 0 0 0 1 1 2023 3 10 0 0 0 1 1 2023 3 17 0 0 0 1 1 2023 3 24 0 0 0 1 1
P胡夏芝 122020910056 17886986939 D35 322 1 2023 4 29 0 0 0 0 1
P王若琪 122031910100 15027877230 D35 111 3 2023 4 29 0 0 0 0 1 2023 4 30 D35:单人 0 0 0 1.41667 2023 5 1 0 1 0 0 2
P董道航 521070910021 15390832710 D5 105 2 2023 4 30 0 0 0 0 1 2023 5 3 0 0 0 0 1
P郭蒙川 521413910006 19130322956 X24 607 2 2023 4 30 0 0 0 0 1 2023 5 1 0 1 0 0 2
P许萌 120413910020 13817376764 X49 1012 2 2023 4 30 D29:值班 0 0 0 1.41667 2023 5 1 0 1 0 0 2
P李志浩 522741910009 18569814175 D20 220 3 2023 5 1 0 1 0 0 2 2023 5 2 D34:单人值班 0 0 0 1.5 2023 5 3 0 0 0 0 1
P旦增次杰 522434910011 15000912252 D26 204 1 2023 5 3 0 0 0 0 1
P黎俊汝 522712910006 17739673808 D21 302 2 2023 4 18 D35替班 0 0 1 1 2023 5 3 0 0 0 0 1
P江韵沛 122450910038 18501786928 D34 1226 1 2023 4 21 D34替班 0 0 1 1
P陈方飞扬 521021910180 18057007766 D18 215 1 2023 5 7 D31替班 0 0 0 1
P樊姿贝 520202910004 13369147893 X14 310 7 2023 3 5 0 0 0 0 1 2023 3 11 D29替班 0 0 0 1 2023 3 12 0 0 0 0 1 2023 3 19 0 0 0 0 1 2023 4 2 0 0 0 0 1 2023 4 9 0 0 0 0 1 2023 4 16 0 0 0 0 1
P马锐翔 121032910110 17317790285 D32 113 7 2023 3 5 0 0 0 0 1 2023 3 12 0 0 0 0 1 2023 3 19 0 0 0 0 1 2023 3 26 0 0 0 0 1 2023 4 2 0 0 0 0 1 2023 4 5 0 1 0 0 2 2023 4 9 0 0 0 0 1
P马天蕊 522434910017 15307588079 D24 512 1 2023 5 24 D35替班 0 0 1 1
P陈宇宁 122020910094 15993007921 D35 404 1 2023 5 27 D29替班 0 0 0 1
